Barmodel Note Mappings
P-P
---
0
1
2
3
4
5
6
7
8
9
10
11	
12	
13	
14	
15	
16	
17	
18	
19	
20	
21	
22	
23	19.718
24	20.87
25	22.12
26	23.36
27	24.73
28	26.25
29	27.809
30	29.524
31	31.182
32	33.096
33	35.04
34	37.148 up to here done a second time
35	39.448
36	41.718
37	44.304
38	46.908
39	49.589
40	52.756
41	55.797
42	59.351
43	62.755
44	66.556
45	70.093
46	74.545
47	78.975
48	78.975
49	88.863
50	94.152
51	99.894
52	106.048
53	113.148
54	119.645
55	127.25
56	133.736
57	141.394
58	150.027
59	150.027
60	171.028
61	180.94
62	186.667
63	196.71
64	208.947
65	224.574
66	237.925
67	252.07
68	267.053
69	280.784
70	297.304
71	317.34
72	335.8
73	359.25
74	380.21
75	402.33
76	426.7
77	454.8
78	481.8
79	510.4
80	540.72
81	572.9
82	606.9
83	649.4
84	687.94
85	728.77
86	772.01
87	817.8
88	866.3
89	934.92
90	990.31
91	1049
92	1111.05
93	1176.78
94	1246.35
95	1319.99
96	1455.78
97	1541.65
98	1632.488
99	1728.6
100	1830.17
101	1937.6
102	2051.15
103	2171.14
104	2297.9
105	2735.71
106	2894.65
107	3062.34
108	3239.16
109	3425.51
110	3621.76
111	3828.29
112	4045.44
113	4273.54
114	4512.87
115	4763.67
116	5026.14
117	5300.32
118	
119	

giPP	ftgen	0, 0, 128, -17, 0, 21.3	,23	,21.3,24	,22.15,25	,23.1,26	,24.1259,27	,25.2,28	,26.35,29	,27.85,30	,29.5,31	,31.5,32	,33.4,33	,35.00,34	,37.5,35	,38.86,36	,41.87,37	,44.46,38	,47.15,39	,49.89,40	,52.95,41	,56.22,42	,59.55,43	,63.26,44	,66.93,45	,71.0,46	,75.22,47	,79.84,48	,84.58,49	,88.57,50	,93.83,51	,99.45,52	,105.37,53	,111.63,54	,118.35,55	,125.4,56	,132.95,57	,140.86,58	,149.24,59	,158.3,60	,167.7,61	,177.7,62	,188.5,63	,199.7,64	,211.6,65	,224.6,66	,237.94,67	,252.1,68	,267.06,69	,283.7,70	,300.56,71	,318.5,72	,337.35,73	,358.9,74	,380.14,75	,402.73,76	,426.7,77	,454.8,78	,481.8,79	,510.4,80	,540.72,81	,572.9,82	,606.9,83	,649.4,84	,687.94,85	,728.77,86	,772.01,87	,817.8,88	,866.3,89	,934.92,90	,990.31,91	,1049,92	,1111.05,93	,1176.78,94	,1246.35,95	,1319.99,96	,1455.78,97	,1541.65,98	,1632.488,99	,1728.6,100	,1830.17,101	,1937.6,102	,2051.15,103	,2171.14,104	,2297.9,105	,2735.71,106	,2894.65,107	,3062.34,108	,3239.16,109	,3425.51,110	,3621.76,111	,3828.29,112	,4045.44,113	,4273.54,114	,4512.87,115	,4763.67,116	,5026.14,117	,5300.32



C-P
---
0
1
2
3
4
5
6
7
8
9
10
11	
12	
13	
14	
15	
16	8.198
17	8.738
18	9.26
19	9.6
20	10.37
21	10.8889
22	11.606
23	12.18
24	13.006
25	13.681
26	14.44
27	15.27
28	16.08
29	17.026
30	18.111
31	19.103
32	20.264
33	21.4893
34	22.68
35	24.08
36	25.43
37	27.02
38	28.5
39	30.19
40	32.08
41	34.19
42	35.98
43	38.18
44	40.3
45	42.73
46	45.32
47	47.82
48	50.6
49	53.56
50	56.6
51	59.97
52	63.4
53	67.16
54	71.11
55	75.34
56	79.24
57	84.11
58	88.49
59	93.59
60	99.42
61	104.96
62	111.51
63	118.29
64	124.9
65	130.474
66	137.32
67	145.22
68	153.125
69	160.5
70	171.03
71	180.6
72	189
73	200.91
74	211.69
75	221.9
76	234.67
77	248.21
78	262.46
79	280.52
80	295.1
81	315.88
82	333.5
83	348.39
84	367.84
85	388.18
86	409.38
87	431.43
88	463.72
89	488.59
90	514.34
91	540.82
92	582.08
93	609.55
94	635.28
95	671.85
96	710.36
97	750.87
98	793.46
99	838.16
100	900.99
101	951.43
102	1004.23
103	1059.4
104	1116.91
105	1176.7
106	1238.63
107	1302.48
108	1367.94
109	1378.15
110	1440
111	1521.86
112	1608.16
113	1608.16
114	1794
115	1893.7
116	1998
117	2107
118	2220.7
119	2338.9
120	


giCP	ftgen	0, 0, 128, -17, 0, 8.198, ,16	,8.198,17	,8.738,18	,9.26,19	,9.6,20	,10.37,21	,10.8889,22	,11.606,23	,12.18,24	,13.006,25	,13.681,26	,14.44,27	,15.27,28	,16.08,29	,17.026,30	,18.111,31	,19.103,32	,20.264,33	,21.4893,34	,22.68,35	,24.08,36	,25.43,37	,27.02,38	,28.5,39	,30.19,40	,32.08,41	,34.19,42	,35.98,43	,38.18,44	,40.3,45	,42.73,46	,45.32,47	,47.82,48	,50.6,49	,53.56,50	,56.6,51	,59.97,52	,63.4,53	,67.16,54	,71.11,55	,75.34,56	,79.24,57	,84.11,58	,88.49,59	,93.59,60	,99.42,61	,104.96,62	,111.51,63	,118.29,64	,124.9,65	,130.474,66	,137.32,67	,145.22,68	,153.125,69	,160.5,70	,171.03,71	,180.6,72	,189,73	,200.91,74	,211.69,75	,221.9,76	,234.67,77	,248.21,78	,262.46,79	,280.52,80	,295.1,81	,315.88,82	,333.5,83	,348.39,84	,367.84,85	,388.18,86	,409.38,87	,431.43,88	,463.72,89	,488.59,90	,514.34,91	,540.82,92	,582.08,93	,609.55,94	,635.28,95	,671.85,96	,710.36,97	,750.87,98	,793.46,99	,838.16,100	,900.99,101	,951.43,102	,1004.23,103	,1059.4,104	,1116.91,105	,1176.7,106	,1238.63,107	,1302.48,108	,1367.94,109	,1378.15,110	,1440,111	,1521.86,112	,1608.16,113	,1608.16,114	,1794,115	,1893.7,116	,1998,117	,2107,118	,2220.7,119	,2338.9










C-C
---
0
1
2
3
4
5
6
7
8
9
10
11	
12	
13	
14	
15	
16	
17	5.887
18	6.236
19	6.593
20	7.01
21	7.421
22	7.8
23	8.223
24	8.773
25	9.282
26	9.736
27	10.4013
28	10.993
29	11.52
30	12.298
31	12.795
32	13.77
33	14.57
34	15.27
35	16.297
36	17.142
37	18.21
38	19.2
39	20.41
40	21.53
41	24.11
42	24.11
43	25.382
44	26.938
45	28.385
46	30.04
47	31.937
48	33.182
49	35.13
50	37.574
51	39.418
52	41.68
53	43.962
54	46.598
55	49.301
56	52.274
57	55.16
58	58.325
59	61.089
60	64.91
61	68.63
62	72.491
63	76.2975
64	79.8423
65	84.786
66	88.239
67	93.272
68	99.023
69	104.895
70	110.928
71	116.307
72	122.731
73	130.473
74	137.316
75	145.78
76	153.124
77	161.277
78	171.217
79	180.8015
80	186.41
81	198.1455
82	210.724
83	220.499
84	230.52
85	244.06
86	258.55
87	272.221		;tricky to tune
88	280.53
89	297.311
90	318.36
91	332.881
92	344.54		;tricky to tune
93	371.04
94	391.476
95	412.78
96	434.923
97	449
98	450
99	465.93
100	490.387
101	515.571
102	541.34
103	567.49
104	612.5
105	640
106	655
107	692.93	
108	732.94
109	775.11
110	819.52
111	866.25
112	881.99
113	882
114	921.2
115	972.4
116	1025.96
117	1081.92
118	1140.28
119	1201
120	1264.03
121












C-F
---
0
1
2
3
4
5
6
7
8
9
10
11	
12	
13	
14	
15	
16	
17	
18	
19	
20	7.37
21	7.7
22	8.2
23	8.67
24	9.2
25	9.83
26	10.3
27	11
28	11.5
29	12.19
30	12.92
31	13.703
32	14.547
33	15.392
34	16.368
35	17.28
36	18.211
37	19.6
38	20.8
39	21.88
40	23.24
41	24.67
42	26.111
43	27.41
44	29.6
45	31.34
46	33.2
47	35.181
48	37.27
49	39.484
50	41.828
51	44.315
52	46.945
53	49.737
54	52.69
55	55.815
56	59.133
57	62.64
58	66.365
59	70.30
60	74.48
61	78.89
62	83.58
63	88.528
64	93.792
65	99.34
66	105.245
67	111.501
68	118.087
69	125.108
70	132.486
71	140.362
72	148.704
73	157.46
74	166.81
75	176.727
76	187.098
77	198.22
78	209.991
79	222.27
80	235.47
81	249.454
82	264.266
83	279.634
84	296.24
85	313.812
86	332.43
87	351.63
88	372.48
89	394.56
90	417.93
91	442.69
92	468.04
93	495.72
94	525.03
95	556.05
96	588.88
97	622.53
98	659.21
99	698.01
100	739.04
101	782.414
102	828.27
103	876.72
104	928.98
105	983.1
106	1040.21
107	1100.47
108	1164.01
109	1230.98
110	1230.98
111	1409.54
112	1489.5
113	1573.5
114	1661.6
115	1753.94
116	1850.58
117	1951.524
118	2056.79
119	2166.31
120	2280
121	2397.64
122
123
124
125
126
127







giCF	ftgen	0, 0, 128, -17, 0, 7.37,20	,7.37,21	,7.7,22	,8.2,23	,8.67,24	,9.2,25	,9.83,26	,10.3,27	,11,28	,11.5,29	,12.19,30	,12.92,31	,13.703,32	,14.547,33	,15.392,34	,16.368,35	,17.28,36	,18.211,37	,19.6,38	,20.8,39	,21.88,40	,23.24,41	,24.67,42	,26.111,43	,27.41,44	,29.6,45	,31.34,46	,33.2,47	,35.181,48	,37.27,49	,39.484,50	,41.828,51	,44.315,52	,46.945,53	,49.737,54	,52.69,55	,55.815,56	,59.133,57	,62.64,58	,66.365,59	,70.30,60	,74.48,61	,78.89,62	,83.58,63	,88.528,64	,93.792,65	,99.34,66	,105.245,67	,111.501,68	,118.087,69	,125.108,70	,132.486,71	,140.362,72	,148.704,73	,157.46,74	,166.81,75	,176.727,76	,187.098,77	,198.22,78	,209.991,79	,222.27,80	,235.47,81	,249.454,82	,264.266,83	,279.634,84	,296.24,85	,313.812,86	,332.43,87	,351.63,88	,372.48,89	,394.56,90	,417.93,91	,442.69,92	,468.04,93	,495.72,94	,525.03,95	,556.05,96	,588.88,97	,622.53,98	,659.21,99	,698.01,100	,739.04,101	,782.414,102	,828.27,103	,876.72,104	,928.98,105	,983.1,106	,1040.21,107	,1100.47,108	,1164.01,109	,1230.98,110	,1230.98,111	,1409.54,112	,1489.5,113	,1573.5,114	,1661.6,115	,1753.94,116	,1850.58,117	,1951.524,118	,2056.79,119	,2166.31,120	,2280,121	,2397.64
