Amp	Freq	Lip_tension
---------------------------
0.18	400	0.4
		0.22 > 0.675

0.18	200	0.7
		0.46 > 0.96
		
0.18	100	0.89
		0.7 > 1
		
	50

Amp	Note	Lip_tension
---------------------------
10	127	0.02
6	120	0.06	
1.3	108	0.16
0.26	96	0.22
0.18	84	0.3
0.18	72	0.4
0.18	60	0.6
0.18	48	0.84`
0.18	36	1.04
0.18	24	1.3
0.18	12	1.6
0.18	6	1.7
0.18	3	1.7
0.18	0	1.8

giamp	ftgen	0,0,128,-7, 0,0.18,  12,0.18,  24,0.18,  36,0.18,  48,0.18,  60,0.18,  72,0.18,  84,0.18,  96,0.26,  108,1.3,  120,6,    127,10
gitens	ftgen	0,0,128,-7, 0,1.8,   12,1.7,   24,1.7,   36,1.04,  48,0.84,  60,0.6,   72,0.4,   84,0.18,  96,0.22,  108,0.16, 120,0.06, 127,0.02

